1 85884.1 100000 43.9279 10 200 0.01 0.1 

2 6.47454e+06 100000 10 10 51.9943 0.01 0.1 

3 6.47436e+06 100000 10 10 52.0449 0.01 0.1 

4 120.238 100000 49.9709 -2.76587 155.91 0.0798824 1 

5 110.567 100000 50.0215 1.34905 86.0166 0.0469776 0.657391 

6 110.41 100000 50.0063 -0.872877 92.413 0.0460075 0.1 

7 112.435 100000 50.0396 1.66732 73.696 0.041828 0.733522 

8 111.448 100000 50.0326 1.65993 78.999 0.0445992 0.750028 

9 161.915 100000 50.1694 3.94401 182.156 0.1 1 

10 124.051 100000 49.9751 -0.731412 169.626 0.0818511 1 

11 115.36 100000 50.0157 4.65055 111.692 0.0586085 1 

12 119.851 100000 50.075 3.69345 55.1461 0.0323239 1 

13 4005.89 100000 50.9231 -10 200 0.1 1 

14 6.47436e+06 100000 10 10 52.045 0.01 0.1 

15 130.576 100000 49.942 -3.48205 191.086 0.0883626 1 

16 984769 100000 65.6407 -10 200 0.1 0.1 

17 117.853 100000 49.9803 -0.793515 147.42 0.0754555 1 

18 6.47527e+06 100000 10 10 51.7863 0.01 0.1 

19 129.508 100000 50.0062 8.05543 64.9171 0.029333 1 

20 5.96878e+06 100000 10 10 200 0.01 0.1 

21 124.394 100000 50.0237 0.800679 50.1724 0.0272787 1 

22 113.809 100000 49.9916 0.892768 126.903 0.0670369 1 

23 5.96878e+06 100000 10 10 200 0.01 0.1 

24 5.96878e+06 100000 10 10 200 0.01 0.1 

25 5.96878e+06 100000 10 10 200 0.01 0.1 

26 174.954 100000 50.0875 -10 200 0.1 0.180665 

27 5.96878e+06 100000 10 10 200 0.01 0.1 

28 112.144 100000 50.0334 1.39185 74.7206 0.0425529 0.761624 

29 135.723 100000 49.9902 -6.48568 200 0.1 0.995497 

30 111.74 100000 50.0334 1.23183 77.5307 0.0392667 0.252412 

