    3.2300    13.0500   -25.8800   892.0000   553.9011
    3.3400    31.0200   -25.6400   892.0000   586.6719
    3.1730    44.9400   -25.3700   892.0000   531.0969
    3.0990    59.6200   -24.6000   893.0000   511.7908
    3.1600    67.5400   -23.9900   892.0000   534.0858
    3.2100    79.2100   -23.3900   892.0000   554.9020
    3.5330    83.4000   -23.1500   892.0000   658.6502
    4.0310    66.2800   -23.0300   892.0000   845.2749
    5.0730    56.5900   -22.7600   892.0000  1323.6926
    5.0770    62.8000   -23.6100   892.0000  1327.8724
    4.7050    91.3000   -23.9200   892.0000  1139.3275
    4.7030   103.7000   -23.8300   892.0000  1129.1665
    4.9310   100.6000   -23.6000   892.0000  1247.0883
    4.6150    94.9000   -22.9600   892.0000  1092.7101
    4.1500    91.3000   -22.4100   892.0000   897.9066
    4.5540    92.9000   -22.3900   893.0000  1073.1910
    4.5210    99.8000   -22.6700   893.0000  1061.2339
    3.7750   101.6000   -22.5100   892.0000   742.7441
    3.9830    92.7000   -22.4700   892.0000   832.9563
    3.7530    80.9000   -22.7000   892.0000   736.9732
    3.9710    78.4000   -22.6500   893.0000   826.5721
    4.0240    73.3800   -22.5300   892.0000   846.3931
    3.9390    66.6000   -22.7500   892.0000   814.2844
    3.6410    65.8800   -22.7900   892.0000   693.3788
    3.3110    70.0000   -22.4300   892.0000   582.8782
    2.7820    62.8900   -22.1700   892.0000   421.0676
    2.9810    60.8200   -21.8900   892.0000   479.1651
    3.1460    73.8500   -21.6900   892.0000   534.9513
    3.6910    88.5000   -21.6900   893.0000   716.9796
    3.6180    93.1000   -21.5200   893.0000   692.0893
    4.4650   107.8000   -21.4000   893.0000  1032.2676
    4.4280   121.7000   -21.3500   892.0000  1013.6802
    4.4530   125.4000   -21.2800   892.0000  1023.8589
    4.1060   135.3000   -21.4600   892.0000   873.4257
    2.6790   141.7000   -21.6900   892.0000   393.0803
    2.2320   146.6000   -21.8300   892.0000   282.5180
    2.1480   152.0000   -22.0500   892.0000   264.6622
    2.0680   161.5000   -22.2600   892.0000   250.5540
    1.8920   166.7000   -22.5100   892.0000   213.9547
    2.0120   181.5000   -22.6500   892.0000   237.6146
    1.9610   229.8000   -22.8400   892.0000   227.3634
    2.2980   220.7000   -23.0500   892.0000   297.0482
    3.6180   256.2000   -23.8500   892.0000   687.1437
    3.6910   262.8000   -24.6100   892.0000   711.1862
    3.4930   261.8000   -24.8900   892.0000   643.7961
    4.3080   273.4000   -24.5500   892.0000   957.3861
    4.9860   296.4000   -25.0700   893.0000  1262.4377
    4.8010   296.3000   -25.2100   893.0000  1182.1675
    3.4880   304.8000   -25.7400   893.0000   639.3584
    2.9730   303.5000   -26.0100   893.0000   470.4265
    4.4710   309.3000   -25.4600   893.0000  1028.8208
    2.5730   306.7000   -24.8500   893.0000   363.6710
    3.7740   306.8000   -25.6700   894.0000   743.9652
    5.2020   308.1000   -25.5500   894.0000  1391.4271
    6.0170   314.9000   -25.0900   894.0000  1839.7090
    5.8690   311.4000   -24.8900   894.0000  1751.7963
    5.6460   318.4000   -24.8900   894.0000  1634.0407
    5.4830   309.6000   -24.7700   895.0000  1538.1190
    5.6000   313.3000   -24.7500   895.0000  1609.6776
    5.6390   309.7000   -24.8500   895.0000  1624.0947
    3.7470   302.4000   -24.6300   895.0000   733.1429
    5.1150   306.4000   -24.6500   895.0000  1347.5634
    4.1730   302.0000   -24.5900   895.0000   900.6894
    4.5580   304.4000   -24.4300   895.0000  1068.5932
    3.8780   298.6000   -24.4200   895.0000   781.6683
    3.9350   291.9000   -24.4700   895.0000   809.7946
    4.6970   298.8000   -24.4800   894.0000  1144.1046
    4.4870   295.6000   -24.2900   894.0000  1041.3296
    4.5520   299.4000   -24.2500   894.0000  1067.3427
    3.7520   294.7000   -24.1800   895.0000   733.9537
    4.4680   297.1000   -24.1300   895.0000  1025.0720
    3.8880   300.1000   -24.0400   895.0000   790.0703
    3.2390   298.8000   -23.9300   895.0000   555.1131
    3.7310   302.8000   -23.8200   895.0000   722.8233
    3.8990   296.7000   -23.7300   895.0000   786.7369
    3.2690   301.9000   -23.5300   895.0000   567.4376
    4.9370   287.6000   -23.5200   895.0000  1245.0436
    4.6970   300.5000   -23.4400   895.0000  1139.7459
    4.1540   304.2000   -23.4800   895.0000   895.9810
    4.2250   301.9000   -23.4200   895.0000   921.7156
    4.2300   303.7000   -23.3700   895.0000   923.1280
    5.0990   307.3000   -23.3900   895.0000  1331.5964
    4.1180   299.5000   -23.3800   895.0000   880.8602
    5.3220   305.9000   -23.4600   895.0000  1455.1016
    4.3800   305.3000   -23.4500   896.0000   992.8152
    4.3930   298.8000   -23.3900   896.0000   995.8626
    4.2170   303.2000   -23.4000   896.0000   921.7788
    4.1220   301.1000   -23.4200   896.0000   886.4222
    5.6220   306.1000   -23.4700   896.0000  1605.9778
    6.2510   311.9000   -23.5700   896.0000  1996.0865
    4.3740   301.8000   -23.7000   896.0000   985.4024
    6.6060   310.0000   -23.8100   897.0000  2198.3622
    6.3920   315.4000   -24.0200   897.0000  2073.6374
    6.7160   317.5000   -24.0500   897.0000  2296.3366
    7.0390   323.0000   -24.1200   897.0000  2518.4849
    6.9420   320.6000   -24.2800   897.0000  2437.7960
    6.1400   310.0000   -24.4500   897.0000  1919.1689
    6.4710   315.5000   -24.6600   897.0000  2122.0485
    5.5690   313.8000   -24.7200   897.0000  1581.4728
    5.5430   309.0000   -24.7100   897.0000  1571.5512
    6.2360   308.4000   -24.9000   897.0000  1975.7889
    5.7520   308.4000   -24.9700   897.0000  1689.4061
    4.4780   306.4000   -25.1500   897.0000  1036.7814
    4.8120   308.1000   -25.3000   897.0000  1185.0342
    5.2000   308.8000   -25.4100   898.0000  1383.0484
    5.4460   312.9000   -25.3300   898.0000  1514.2919
    4.5090   308.5000   -25.3300   898.0000  1041.3373
    5.4130   314.6000   -25.3200   898.0000  1495.4294
    5.7440   318.0000   -25.2900   898.0000  1681.2005
    5.6430   319.6000   -25.4500   898.0000  1620.8809
    5.0150   328.8000   -25.5500   898.0000  1286.1796
    4.1320   316.7000   -26.0600   898.0000   879.2612
    3.9640   320.1000   -26.5800   898.0000   820.0184
    3.8880   326.5000   -26.4800   898.0000   780.7476
    3.3740   324.2000   -26.4400   898.0000   595.9737
    3.3470   320.9000   -26.5000   898.0000   589.9173
    3.1330   315.4000   -26.4100   898.0000   516.3085
    3.3090   315.9000   -26.3900   898.0000   573.0456
    3.1720   300.3000   -25.9300   898.0000   533.2547
    2.7460   292.2000   -25.7700   898.0000   407.9142
    2.5750   295.0000   -25.9300   898.0000   361.6726
    2.3700   290.5000   -26.0700   898.0000   308.5628
    1.7400   285.9000   -28.3200   898.0000   176.6166
    1.4970   271.3000   -28.5000   898.0000   135.5287
    1.5800   252.3000   -28.4300   898.0000   149.4514
    2.0770   241.8000   -27.6100   898.0000   241.1557
    2.3940   238.7000   -27.4400   898.0000   316.0733
    2.4810   228.1000   -28.0000   898.0000   332.9338
    3.7630   218.7000   -27.7800   898.0000   740.0623
    4.1990   227.5000   -27.4400   898.0000   901.6915
    4.3850   233.6000   -28.5900   898.0000   987.3404
    4.9620   239.0000   -28.5400   898.0000  1258.6951
    4.9240   234.6000   -28.7900   898.0000  1241.0490
    4.9770   228.8000   -29.9100   899.0000  1260.4947
    5.0680   231.6000   -30.6400   899.0000  1303.4491
    5.1330   232.8000   -31.0300   899.0000  1336.7779
    6.9440   239.5000   -30.1400   899.0000  2429.5382
    6.8270   247.2000   -30.0400   899.0000  2350.4988
    6.0960   253.4000   -29.2400   899.0000  1880.1881
    6.1320   255.1000   -28.9800   899.0000  1908.3866
    6.3530   258.3000   -28.4300   899.0000  2057.2523
    6.2280   272.6000   -28.2300   899.0000  1959.0237
    7.2150   287.5000   -28.3100   899.0000  2625.2742
    7.9480   293.4000   -28.3200   899.0000  3205.3577
    7.5100   298.5000   -28.1500   899.0000  2870.0273
    7.7800   293.0000   -28.3500   899.0000  3046.7096
    8.0700   291.0000   -29.2300   899.0000  3258.7098
    7.5790   288.5000   -28.7500   899.0000  2903.6506
    6.4800   283.5000   -29.5100   899.0000  2118.0700
    6.6250   281.0000   -30.3700   899.0000  2219.8739
    6.7900   283.8000   -30.3800   899.0000  2326.6223
    6.9420   290.6000   -29.7000   899.0000  2434.8729
    6.1120   286.7000   -31.0700   899.0000  1884.2201
    6.0490   285.2000   -30.8900   899.0000  1853.1007
    5.6960   284.4000   -30.0600   899.0000  1642.2266
    6.1990   291.0000   -29.9000   899.0000  1934.3512
    5.8140   289.0000   -31.1400   899.0000  1712.4895
    5.9860   286.6000   -31.1100   899.0000  1809.7380
    5.9680   287.5000   -31.3500   899.0000  1822.9858
    6.1660   290.4000   -31.6000   899.0000  1921.9761
    5.8860   285.7000   -31.8600   899.0000  1753.6774
    5.5190   284.3000   -31.7400   899.0000  1542.2785
    5.4930   284.6000   -31.1800   900.0000  1529.2085
    5.9390   284.4000   -31.4400   900.0000  1791.6364
    6.3120   286.8000   -31.4100   900.0000  2007.1670
    6.6730   290.3000   -31.0100   900.0000  2242.0360
    6.1540   280.9000   -31.2400   900.0000  1925.0028
    6.1060   286.6000   -31.8800   900.0000  1890.7831
    6.3250   286.8000   -31.4200   900.0000  2023.3879
    6.8750   287.6000   -31.3600   900.0000  2398.9217
    6.8450   287.6000   -31.5100   900.0000  2366.6233
    6.5540   288.8000   -31.4800   900.0000  2177.8255
    6.4380   289.5000   -30.5900   900.0000  2095.1633
    6.3190   291.0000   -30.1000   900.0000  2030.9369
    6.2620   295.0000   -29.8400   900.0000  1991.2614
    6.2270   293.9000   -29.7400   900.0000  1969.6654
    6.1180   292.8000   -30.0500   900.0000  1891.5637
    5.9520   296.0000   -30.1400   900.0000  1791.6059
    5.9330   294.4000   -30.1700   900.0000  1788.0585
    5.9520   292.7000   -30.5800   901.0000  1797.7766
    5.7560   291.7000   -31.1600   901.0000  1670.7882
    5.7760   287.4000   -31.5300   901.0000  1694.3784
    6.5980   297.9000   -31.1300   901.0000  2201.3528
    6.9080   304.1000   -31.0900   901.0000  2393.8298
    6.7830   303.6000   -31.0400   901.0000  2312.9551
    7.1620   305.0000   -31.6500   901.0000  2600.4297
    6.2620   303.2000   -32.0400   901.0000  1977.2306
    6.2380   301.7000   -31.7300   902.0000  1960.5015
    5.7850   299.0000   -31.4400   902.0000  1695.1202
    5.5830   299.7000   -30.9700   902.0000  1590.2797
    5.2570   299.2000   -30.5500   902.0000  1408.9240
    5.1580   298.8000   -30.5700   902.0000  1344.4972
    5.5180   298.8000   -30.4200   903.0000  1544.1482
    5.1140   295.1000   -30.1600   903.0000  1325.1770
    5.1130   290.7000   -30.2800   904.0000  1326.4860
    5.4350   288.4000   -30.4700   904.0000  1492.4582
    5.7920   291.6000   -30.5300   904.0000  1703.8483
    5.1510   291.6000   -30.1300   904.0000  1354.4002
    5.0050   289.8000   -29.6300   905.0000  1279.4712
    5.2950   294.7000   -29.3400   905.0000  1432.8596
    4.9290   289.5000   -28.8000   905.0000  1244.7170
    4.8630   283.3000   -28.4100   905.0000  1204.3041
    4.9900   283.1000   -28.0000   905.0000  1268.8523
    4.8590   286.5000   -27.2800   905.0000  1203.6673
    5.1100   287.9000   -26.6100   906.0000  1327.1329
    4.8870   282.1000   -25.8900   906.0000  1220.9656
    5.2930   273.7000   -25.2600   906.0000  1425.5929
    4.9660   267.4000   -24.5800   906.0000  1265.2976
    4.9930   263.9000   -23.9800   906.0000  1277.0843
    4.8560   262.4000   -24.2500   906.0000  1214.5819
    5.2140   266.1000   -24.2700   906.0000  1385.1139
    4.9690   268.1000   -23.7200   906.0000  1270.3213
    4.8760   266.9000   -23.5400   906.0000  1222.1572
    4.2780   258.7000   -23.1200   906.0000   941.6332
    3.9900   254.1000   -22.6800   906.0000   824.0842
    4.1680   247.9000   -22.6800   906.0000   895.2458
    4.4050   251.9000   -22.6600   906.0000  1001.1761
    4.7490   249.3000   -22.5800   907.0000  1164.1486
    4.6960   249.3000   -22.3900   907.0000  1141.0451
    4.9800   246.4000   -22.1100   907.0000  1268.9922
    5.1370   240.6000   -21.8500   907.0000  1351.1746
    5.1520   247.7000   -21.7400   907.0000  1351.6774
    5.5010   245.6000   -21.5900   907.0000  1557.2116
    6.0580   239.2000   -21.5000   907.0000  1865.3833
    6.2050   240.6000   -21.4500   907.0000  1961.8797
    5.9200   244.2000   -21.2200   907.0000  1780.9010
    6.6070   244.6000   -21.1000   907.0000  2216.6988
    6.8140   244.6000   -21.0800   907.0000  2366.8336
    6.7920   243.3000   -20.9600   907.0000  2336.1648
    7.1380   242.1000   -20.8300   907.0000  2589.5780
    7.8480   243.4000   -20.8800   907.0000  3106.5179
    7.3640   244.6000   -20.9600   907.0000  2755.3230
    6.7260   244.4000   -20.9100   907.0000  2304.1344
    7.2680   243.7000   -20.8800   908.0000  2679.2838
    7.5330   240.0000   -20.9400   908.0000  2889.7347
    7.1670   238.4000   -20.9700   908.0000  2592.1322
    6.6560   236.5000   -21.0200   908.0000  2257.6882
    6.1410   232.9000   -21.2200   907.0000  1932.8337
    7.2590   236.3000   -21.4300   907.0000  2674.9731
    7.5740   235.3000   -21.5100   907.0000  2910.6550
    7.4520   235.6000   -21.6800   907.0000  2810.7020
    7.3730   236.9000   -22.0900   907.0000  2763.2498
    6.7630   237.0000   -22.2900   907.0000  2309.8086
    6.9760   234.3000   -22.5100   907.0000  2456.4821
    8.4300   236.7000   -22.5300   907.0000  3576.4263
    8.9200   237.0000   -23.0700   907.0000  3998.5567
    7.9410   233.5000   -23.2600   907.0000  3209.9717
    8.4600   234.8000   -23.1800   907.0000  3631.3682
    8.4500   234.2000   -23.3600   907.0000  3593.8512
    9.0100   236.0000   -23.4000   907.0000  4098.8548
    9.4700   238.6000   -23.0800   907.0000  4493.0413
    9.6900   239.0000   -23.1100   907.0000  4716.7390
    9.9100   238.2000   -22.9400   906.0000  4940.4522
   10.1700   241.5000   -23.1300   907.0000  5209.4613
   10.0500   241.3000   -23.4800   907.0000  5102.3410
    9.9800   242.3000   -23.3600   907.0000  5024.2509
    9.3000   251.9000   -23.1300   907.0000  4356.6305
    8.6800   251.0000   -22.4500   907.0000  3818.1004
    8.3200   256.2000   -22.5500   907.0000  3495.3758
    8.1000   256.5000   -22.5900   907.0000  3323.8953
    7.7870   253.5000   -22.6500   907.0000  3085.2653
    7.5810   253.5000   -22.6200   907.0000  2894.9091
    8.2100   260.9000   -22.6100   907.0000  3401.6443
    8.2300   270.8000   -22.5500   907.0000  3408.7394
    7.4320   277.0000   -22.6000   908.0000  2780.4351
    8.1600   269.0000   -22.9800   908.0000  3375.9711
    8.4300   268.3000   -22.8900   908.0000  3583.5127
    8.4500   269.1000   -22.8200   908.0000  3585.4258
    8.2900   276.4000   -22.7600   908.0000  3458.5680
    5.9680   297.6000   -22.0200   908.0000  1820.6053
    5.9700   301.0000   -21.4100   908.0000  1823.4124
    5.5880   292.3000   -21.5900   908.0000  1598.1700
    8.6900   295.6000   -21.9300   908.0000  3790.5446
   11.3600   291.5000   -22.4900   908.0000  6474.5150
   11.3500   291.4000   -21.9700   908.0000  6454.3456
   10.9500   294.2000   -21.9200   908.0000  6059.2991
   10.7400   296.8000   -22.2900   908.0000  5787.4302
   10.1100   295.1000   -22.3600   908.0000  5160.3577
    9.2900   292.3000   -22.3700   908.0000  4374.7733
    8.7600   294.9000   -22.4800   908.0000  3889.4782
    9.2600   292.6000   -22.8100   908.0000  4331.1849
    8.7500   289.6000   -22.9400   908.0000  3844.2457
    9.2100   286.0000   -22.6400   908.0000  4308.8403
    8.8200   287.4000   -22.5100   908.0000  3908.8136
    9.1400   292.0000   -22.3300   908.0000  4201.7977
    8.8800   296.2000   -22.6200   908.0000  3975.2633
    8.9000   294.6000   -22.8400   908.0000  4005.7097
    9.0700   294.2000   -23.2500   908.0000  4152.1309
    8.9400   295.0000   -23.6400   909.0000  4018.7132
    9.0800   296.3000   -23.6800   909.0000  4139.5261
    9.3100   290.5000   -23.9100   909.0000  4342.2668
    9.2900   298.4000   -23.8200   909.0000  4342.0131
    8.8800   300.4000   -23.9900   909.0000  3972.9402
    8.2100   294.9000   -24.4600   909.0000  3400.8873
    5.5060   292.9000   -24.3100   909.0000  1546.8705
    5.8680   296.1000   -24.1100   909.0000  1755.1881
    7.6130   295.7000   -24.1200   909.0000  2927.7387
    7.1720   293.6000   -24.7100   909.0000  2599.8786
    7.5660   290.2000   -24.7100   910.0000  2888.8178
    8.2300   293.8000   -24.6600   910.0000  3438.5177
    9.1800   305.8000   -24.1400   910.0000  4248.2444
    8.9600   308.9000   -23.5900   910.0000  4059.4696
    9.1400   308.2000   -24.3600   910.0000  4202.6366
    8.4500   305.9000   -24.8100   910.0000  3594.5082
    8.6500   301.9000   -24.4400   910.0000  3789.5460
    9.3200   306.9000   -24.2000   910.0000  4385.5679
    8.8900   305.2000   -24.3400   910.0000  3976.1456
    9.2800   304.8000   -24.8100   910.0000  4356.9089
    9.2900   308.3000   -24.7100   910.0000  4342.0715
    8.6200   305.2000   -24.8500   910.0000  3746.1990
    9.1000   303.2000   -25.2200   910.0000  4168.1819
    9.0800   305.6000   -24.8300   910.0000  4152.6334
    8.9700   303.9000   -25.0200   910.0000  4056.0589
    9.2800   303.7000   -24.4800   910.0000  4314.9720
    8.9700   300.5000   -25.0200   910.0000  4062.9096
    9.1600   302.7000   -24.5200   910.0000  4190.2818
    9.4000   306.3000   -24.5200   910.0000  4451.1371
    9.4900   306.0000   -25.0800   910.0000  4518.5022
    8.7200   298.2000   -24.9400   910.0000  3838.0430
    9.0300   292.0000   -25.0800   910.0000  4093.4626
    9.0300   293.6000   -23.5500   910.0000  4123.7716
    8.6400   295.7000   -23.8500   910.0000  3755.2935
    8.7100   295.7000   -24.1600   910.0000  3812.3498
    8.6400   288.6000   -24.7500   910.0000  3767.7799
    8.6100   290.2000   -25.4500   910.0000  3730.2823
    8.2200   289.8000   -26.5300   910.0000  3399.6315
    8.6200   290.3000   -27.1000   910.0000  3734.2272
    8.9200   292.7000   -26.4600   910.0000  4019.3307
    8.7700   296.9000   -26.0100   910.0000  3866.5688
    8.8700   294.9000   -25.7900   910.0000  3962.7317
    9.2700   297.2000   -26.0900   910.0000  4315.3317
    9.4000   302.5000   -26.4300   910.0000  4442.5259
    9.6600   302.5000   -26.5100   910.0000  4680.4853
    9.8600   304.2000   -26.0400   910.0000  4897.6103
    9.3700   304.2000   -25.8800   911.0000  4422.1852
    8.7900   295.3000   -26.0500   911.0000  3903.4474
    8.3100   280.8000   -26.8100   912.0000  3485.8256
    8.6800   285.1000   -25.9600   912.0000  3799.1948
    9.2900   286.1000   -24.6400   912.0000  4349.6103
    9.5000   286.2000   -23.9500   912.0000  4568.8040
    9.1800   282.1000   -23.3300   912.0000  4246.2123
    8.6100   275.0000   -23.0600   912.0000  3737.7196
    7.9350   272.5000   -22.7400   912.0000  3183.8421
    7.4940   270.3000   -22.2800   912.0000  2838.8303
    7.2780   270.0000   -21.8900   912.0000  2672.4838
    7.2170   266.8000   -21.4800   913.0000  2634.7583
    7.1520   266.3000   -21.0000   913.0000  2588.4331
    6.6310   269.1000   -20.9200   913.0000  2240.9489
    5.9060   261.4000   -20.0900   913.0000  1787.0819
    5.9340   269.7000   -19.9900   914.0000  1799.1380
    6.0270   271.5000   -20.4100   914.0000  1853.8226
    5.6460   276.5000   -20.5700   913.0000  1626.7398
    5.7610   278.4000   -20.5700   913.0000  1694.8354
    5.8690   277.0000   -20.3800   913.0000  1757.5790
    5.0530   280.0000   -20.1300   913.0000  1319.0484
    5.4360   278.2000   -19.9400   913.0000  1518.8382
    3.8880   283.4000   -19.6800   913.0000   792.5796
    5.0560   270.6000   -19.3200   913.0000  1308.9649
    5.7990   262.7000   -18.8100   913.0000  1724.7170
    5.3680   261.2000   -18.5400   913.0000  1489.0354
    5.6650   263.9000   -18.4700   913.0000  1652.4725
    5.5830   262.0000   -18.2600   913.0000  1605.9183
    5.4600   257.4000   -17.8900   913.0000  1538.9981
    5.2200   256.1000   -17.5200   913.0000  1403.7351
    5.6140   258.3000   -17.4300   913.0000  1611.6744
    6.2410   260.9000   -17.5200   913.0000  1994.5364
    6.0450   263.0000   -17.4400   913.0000  1871.5546
    5.9010   263.6000   -17.2400   913.0000  1778.8866
    5.7820   264.1000   -17.0000   913.0000  1719.9906
    5.5990   263.3000   -16.7300   913.0000  1621.3519
    6.3440   267.1000   -16.5900   913.0000  2059.9067
    6.2660   262.7000   -16.3900   913.0000  2012.9855
    6.4390   262.4000   -16.1900   913.0000  2122.4612
    6.6600   261.2000   -16.2000   912.0000  2259.8344
    6.5410   259.1000   -16.0400   912.0000  2184.2773
    5.9110   258.8000   -15.8700   912.0000  1797.5209
    5.3300   255.9000   -15.7500   912.0000  1464.3689
    5.4640   256.0000   -15.7100   912.0000  1547.3004
    5.9520   256.5000   -15.8000   912.0000  1828.1591
    6.0270   258.6000   -15.9800   912.0000  1861.0521
    5.7920   257.0000   -15.9200   912.0000  1725.0067
    6.0180   260.2000   -16.0500   912.0000  1865.1166
    6.1660   260.6000   -16.3900   912.0000  1949.8595
    6.1210   256.9000   -16.5300   912.0000  1923.2848
    5.6500   250.4000   -17.2300   911.0000  1641.2026
    6.2140   244.7000   -17.7800   911.0000  1969.1440
    6.4880   241.0000   -17.7700   911.0000  2143.0799
    6.7850   240.3000   -18.1800   911.0000  2345.4097
    6.5920   244.2000   -18.6200   911.0000  2208.9011
    6.9180   242.4000   -18.3800   911.0000  2435.5769
    6.7180   241.4000   -18.4700   911.0000  2291.7332
    7.4900   243.6000   -18.4600   911.0000  2836.0324
    7.2210   247.0000   -19.0900   911.0000  2660.2090
    6.6260   249.9000   -19.1300   911.0000  2244.1268
    6.2030   250.5000   -19.4100   911.0000  1963.9154
    6.4370   245.9000   -19.1700   911.0000  2118.7007
    6.9180   240.6000   -18.9300   911.0000  2432.5352
    6.8210   241.8000   -19.3600   911.0000  2369.8499
    6.7310   239.3000   -19.5800   911.0000  2307.2017
    7.0470   241.5000   -19.5500   910.0000  2524.4356
    7.4300   238.1000   -20.0600   910.0000  2800.3173
    6.5090   233.4000   -20.0100   910.0000  2155.4950
    7.9120   234.4000   -19.7300   910.0000  3159.8043
    7.9500   235.6000   -19.7100   910.0000  3212.0227
    8.5000   235.5000   -20.1300   910.0000  3647.2280
    8.8300   235.0000   -20.5400   910.0000  3934.5878
    9.4400   234.0000   -21.0600   910.0000  4474.5482
    9.3400   236.7000   -20.9600   910.0000  4401.1116
    8.7900   240.2000   -21.0100   910.0000  3917.7368
    8.7300   239.2000   -20.4200   910.0000  3833.5929
    8.8400   237.3000   -20.2400   910.0000  3957.1510
    9.0100   243.2000   -20.1700   910.0000  4079.4363
    8.7500   245.5000   -19.9900   910.0000  3873.0032
    8.6800   244.1000   -20.0100   910.0000  3827.0744
    8.7600   244.2000   -19.7200   910.0000  3879.3293
    8.1500   247.8000   -19.7500   910.0000  3346.7312
    7.2450   251.7000   -19.9200   910.0000  2678.0091
    7.1140   253.6000   -20.1200   910.0000  2558.5477
    7.1470   251.1000   -20.2100   909.0000  2587.0623
    7.0390   253.2000   -19.9300   909.0000  2518.0991
    7.4360   254.0000   -20.0000   909.0000  2806.1363
    8.3700   255.7000   -20.0200   909.0000  3542.6191
    8.4100   253.2000   -20.5900   909.0000  3575.2713
    9.1100   256.7000   -20.7100   909.0000  4194.8408
    9.1400   264.7000   -20.5800   909.0000  4210.9450
    9.1500   264.9000   -19.9900   909.0000  4227.0258
    8.8800   264.9000   -19.4200   909.0000  3976.0280
    8.3400   270.6000   -19.4700   909.0000  3510.6808
    8.3300   271.3000   -19.8200   909.0000  3500.8337
    8.2800   272.9000   -20.3900   909.0000  3466.1403
    8.2400   274.4000   -20.6200   909.0000  3422.7917
    8.3500   276.9000   -20.9200   908.0000  3514.2490
    8.1900   275.2000   -20.9200   908.0000  3391.5238
    7.9340   273.6000   -20.8300   908.0000  3189.1063
    7.7210   273.3000   -20.6000   908.0000  3016.3410
    7.1250   272.5000   -20.7200   908.0000  2574.3304
    7.0510   274.9000   -21.0700   908.0000  2519.4446
    7.6220   272.2000   -21.2200   908.0000  2924.6919
    8.0500   268.0000   -21.5100   908.0000  3271.3279
    7.8740   266.1000   -21.7400   908.0000  3127.9610
    8.1600   262.4000   -22.1300   908.0000  3382.4390
    7.6840   271.3000   -22.3800   908.0000  2995.2862
    8.1000   261.8000   -23.6100   908.0000  3320.6205
    8.4700   261.0000   -24.2500   908.0000  3634.0763
    8.3300   259.0000   -24.4200   907.0000  3499.9710
    7.8330   252.8000   -23.8500   907.0000  3092.3181
    7.7290   250.8000   -22.9100   907.0000  3030.3735
    7.4880   252.2000   -22.6700   907.0000  2829.7955
    7.7040   255.5000   -22.7600   907.0000  2995.5697
    7.8000   258.3000   -22.7200   907.0000  3080.4403
    7.3300   258.2000   -22.0800   907.0000  2715.2555
    7.2350   257.3000   -21.3600   907.0000  2645.0648
    7.4040   254.5000   -20.9100   907.0000  2770.9293
    7.5810   251.4000   -21.5300   907.0000  2903.3735
    8.2800   250.4000   -23.1800   907.0000  3447.1136
    8.7600   250.3000   -24.0600   906.0000  3861.0876
   10.1400   247.4000   -24.0300   906.0000  5180.7671
    9.2500   248.9000   -24.2700   906.0000  4342.3052
   10.3300   248.4000   -24.4000   906.0000  5356.9286
   10.8500   246.4000   -25.0000   906.0000  5926.6667
   10.6700   245.6000   -25.0000   906.0000  5756.0352
    9.6500   246.9000   -25.1200   906.0000  4684.4802
    8.9900   249.2000   -25.0000   906.0000  4068.2437
    7.9490   251.1000   -25.1700   905.0000  3192.4639
    8.6300   249.0000   -24.5600   905.0000  3759.2324
    9.6200   245.2000   -23.6800   905.0000  4646.7807
    9.1200   245.9000   -23.5800   905.0000  4191.5988
    8.7400   245.8000   -23.5100   905.0000  3843.3091
    9.0200   245.0000   -23.4300   905.0000  4086.1417
    9.4400   237.5000   -23.8500   905.0000  4491.7470
    9.7300   238.9000   -24.7300   905.0000  4778.7291
    9.7500   241.5000   -24.5000   905.0000  4793.2912
    9.5600   238.9000   -23.9200   905.0000  4601.7123
    9.8400   231.6000   -23.9900   905.0000  4886.4153
    7.9790   234.0000   -23.8300   905.0000  3225.2034
    7.4140   234.5000   -23.9800   905.0000  2777.4579
    7.5280   237.9000   -23.9500   905.0000  2864.1604
    6.6750   234.5000   -23.7100   905.0000  2263.9410
    6.4960   230.2000   -23.4300   905.0000  2144.3941
    6.2220   231.0000   -23.2300   906.0000  1983.2770
    6.2670   230.3000   -23.0400   906.0000  1990.4146
    6.7170   231.3000   -22.9600   906.0000  2280.1142
    6.7940   229.5000   -22.9100   905.0000  2333.7995
    6.8310   229.9000   -22.8200   905.0000  2369.2846
    7.5990   227.9000   -22.4600   905.0000  2919.2653
    8.0400   226.3000   -22.0800   905.0000  3264.4736
    7.8780   228.5000   -21.8500   905.0000  3147.0286
    7.4510   225.7000   -21.6500   905.0000  2811.3071
    7.0970   211.9000   -20.9900   905.0000  2561.7995
    7.5820   210.8000   -20.4500   905.0000  2928.7668
    8.5100   217.6000   -20.1300   905.0000  3675.2065
    8.3000   216.4000   -19.6000   905.0000  3477.6879
    8.9300   214.1000   -19.1600   905.0000  4056.5401
    9.6700   217.3000   -18.7400   905.0000  4732.9638
    9.9000   222.2000   -18.4800   905.0000  4944.5433
    9.1400   217.9000   -17.9500   905.0000  4206.6065
    9.4500   214.7000   -17.4700   905.0000  4532.7441
   11.3800   219.0000   -17.3200   904.0000  6518.4802
    9.9900   217.3000   -16.9800   904.0000  5033.9314
    8.2800   211.8000   -16.6800   904.0000  3475.6673
    7.9990   216.2000   -16.3300   904.0000  3246.8050
    7.7680   215.9000   -16.0700   904.0000  3084.9688
    7.5610   214.6000   -15.8500   903.0000  2917.1902
    7.5020   211.5000   -15.4300   903.0000  2863.2040
    8.0200   213.8000   -15.2900   903.0000  3281.5714
    7.7350   222.5000   -15.0000   903.0000  3036.1754
    7.7380   219.9000   -14.6700   903.0000  3033.0958
    8.3800   215.8000   -14.5700   903.0000  3554.4686
    8.0300   216.1000   -14.4000   903.0000  3266.8961
    7.9210   215.4000   -14.1700   902.0000  3185.1076
    8.8400   217.1000   -13.9400   902.0000  3958.8708
    9.2000   217.6000   -13.7300   902.0000  4297.6540
    9.0400   219.9000   -13.5200   902.0000  4129.2825
    8.7300   218.6000   -13.3000   902.0000  3878.9365
    7.9960   222.2000   -13.0900   901.0000  3245.9871
    7.9450   224.3000   -12.8000   901.0000  3218.2988
    8.0800   223.0000   -12.7500   901.0000  3339.4588
    8.5400   222.8000   -12.7200   901.0000  3702.7380
    9.4600   226.8000   -12.5400   901.0000  4536.4736
    8.6000   232.9000   -12.0700   901.0000  3745.2283
    8.7000   234.5000   -11.8500   901.0000  3843.0053
    9.0200   235.6000   -11.6800   901.0000  4114.9422
    8.3900   235.0000   -11.6700   901.0000  3574.2330
    7.2410   231.4000   -11.7300   901.0000  2674.7101
    7.1370   221.0000   -11.9400   901.0000  2602.9378
    8.5900   219.8000   -12.1500   900.0000  3735.1391
    9.2500   219.6000   -12.4900   900.0000  4346.7150
    8.4500   213.5000   -13.0800   900.0000  3627.6049
    8.1100   217.8000   -13.1600   900.0000  3329.8498
    7.8200   214.2000   -13.3200   900.0000  3089.6419
    7.6440   216.1000   -13.7400   900.0000  2957.7329
    8.3900   218.6000   -14.1500   900.0000  3561.7457
    8.8800   220.0000   -14.4700   899.0000  3992.9407
    8.8000   222.9000   -14.6800   899.0000  3926.7450
    9.1600   224.2000   -14.7200   899.0000  4229.9167
    9.7000   223.3000   -14.7600   899.0000  4726.4211
    9.9800   222.4000   -14.7800   899.0000  5020.2517
   11.1700   220.9000   -15.0100   898.0000  6250.2143
   11.8000   220.4000   -15.3500   899.0000  7003.9191
   12.3600   220.5000   -15.4700   898.0000  7655.9230
   12.6400   221.7000   -15.4100   898.0000  8046.7557
   12.9200   222.2000   -15.0300   898.0000  8376.1386
   12.6600   224.1000   -14.8000   898.0000  8067.0484
   12.7100   224.8000   -14.7100   898.0000  8102.9932
   12.9700   226.3000   -14.8300   898.0000  8509.4436
   11.4400   227.8000   -14.8400   898.0000  6593.2244
   11.9400   226.5000   -14.8800   898.0000  7170.5152
   11.6300   224.7000   -14.9000   898.0000  6784.2210
   10.5000   223.9000   -15.1300   898.0000  5569.2768
   11.3500   223.5000   -15.1700   898.0000  6467.1863
   10.9200   223.0000   -15.3200   898.0000  5987.3449
   10.9900   225.9000   -15.5300   898.0000  6073.2739
   10.1700   226.8000   -15.6700   898.0000  5206.4567
   10.1400   226.6000   -15.5500   898.0000  5177.4277
   11.2500   227.3000   -15.6000   897.0000  6409.5016
   12.0000   227.0000   -15.6800   897.0000  7261.9106
   11.8200   228.6000   -15.7700   897.0000  7063.5586
   10.8700   230.1000   -15.9300   897.0000  5903.1673
   11.3100   234.5000   -15.9600   897.0000  6435.1289
   10.8900   231.8000   -16.0600   897.0000  5974.7116
   10.9900   233.1000   -16.0900   897.0000  6078.0621
   11.9700   235.0000   -15.9600   897.0000  7249.5665
   10.7300   234.1000   -16.3400   897.0000  5790.8585
   11.3500   236.6000   -16.8100   897.0000  6470.4522
   11.3100   238.5000   -16.8600   897.0000  6448.2300
   11.3000   243.1000   -16.7000   897.0000  6405.0958
   11.0200   246.3000   -16.3300   897.0000  6149.5321
   10.8300   247.9000   -16.4200   897.0000  5929.8142
   10.2900   250.9000   -16.6800   897.0000  5381.9947
   11.5100   255.0000   -16.4700   897.0000  6683.2718
   11.1700   256.1000   -16.0300   897.0000  6291.6340
   10.7700   256.2000   -15.7300   897.0000  5873.3522
   10.5700   257.3000   -15.8800   897.0000  5636.6395
   10.3800   256.8000   -16.2600   897.0000  5434.7091
   10.3700   255.4000   -16.5500   897.0000  5407.1358
    9.8800   254.9000   -16.8800   897.0000  4913.8802
