1 54305.2 4 52.2119 -4.13495 191.589 0.0177953 0.557478 

2 443.845 1 49.6918 2.17383 188.571 0.0829921 1 

3 1415.29 5 50.8063 9.16807 90.3532 0.0730709 0.841642 

4 1332.7 3 49.0258 4.6733 108.179 0.01 0.169501 

5 104663 1 45.1078 10 107.601 0.0631496 0.266276 

6 431.155 2 49.4495 -9.4232 104.698 0.0340945 0.866276 

7 494.172 1 50.5859 6.13575 81.338 0.0858268 0.534604 

8 989156 1 65.9977 6.81509 86.1131 0.0822835 0.114956 

9 118558 3 55.6891 -2.01086 74.043 0.0858268 0.334018 

10 1018.38 1 49.5504 2.48329 156.25 0.0723622 0.370088 

11 241.769 3 50.3613 -2.68838 78.5972 0.0922047 0.131672 

12 190108 2 57.0301 8.25617 77.0299 0.0503937 0.621701 

13 61405.7 2 46.0835 -5.03281 196.978 0.0900787 0.486217 

14 9115.78 4 51.5177 -0.524003 145.72 0.0766142 0.687683 

15 187159 1 56.0715 -2.98379 193.952 0.0411811 0.96305 

16 112135 3 55.308 7.36259 145.71 0.0666929 0.487977 

17 4.19893e+06 1 80.8967 -8.67977 180.784 0.0177953 0.817889 

18 2525.97 4 48.6392 6.44276 171.474 0.0128346 0.332258 

19 424635 1 60.3597 4.86007 179.38 0.0844094 0.177419 

20 172.436 2 50.27 0.415967 62.9788 0.0546457 0.184457 

21 627.674 1 49.2599 -9.17112 169.876 0.0397638 0.58739 

22 302.396 4 50.443 -1.96203 54.1794 0.0992913 0.971848 

23 269.82 1 50.2288 7.59575 99.0873 0.0489764 0.739589 

24 3560 2 48.7573 7.63543 89.8542 0.014252 0.573314 

25 135.326 2 50.1663 -0.191961 86.738 0.0652756 0.685044 

26 658.829 7 50.4231 -1.536 122.389 0.0744882 0.762463 

27 309.444 1 49.9885 -6.31275 50 0.056063 0.477419 

28 1.62671e+06 3 30.0763 2.15064 77.0848 0.049685 0.131672 

29 80834.1 6 54.4455 6.90664 54.7796 0.012126 0.348974 

30 114.248 2 50.0558 -0.890835 71.9476 0.0447244 0.652493 

