19.4335 2.68438 170.348 0.0139372 0.79534 
47.8182 -1.7114 196.394 0.0810945 0.989273 
26.9696 1.76789 163.832 0.023031 0.91003 
44.5201 7.80554 155.263 0.0136091 0.144445 
28.33 9.19636 131.331 0.0702036 0.119421 
51.6602 -2.64511 92.3204 0.0452978 0.929105 
49.5715 3.57486 69.9399 0.0901908 0.556377 
83.3647 3.29294 77.506 0.0654741 0.205927 
95.0625 -3.26447 76.7056 0.0962114 0.637637 
54.116 5.60147 170.107 0.0557186 0.483189 
34.8698 -6.73618 53.4744 0.0386562 0.110989 
96.4953 7.41192 65.3594 0.0407896 0.444892 
88.6837 -3.16539 111.157 0.0620452 0.30911 
18.1005 -3.18684 123.723 0.0114058 0.615829 
73.5556 -5.70626 194.742 0.0299916 0.836509 
89.9398 8.99528 153.192 0.0579318 0.314695 
98.4844 -8.71536 186.146 0.0154868 0.877747 
87.7093 -0.609701 119.854 0.0252899 0.367858 
78.1007 6.86092 169.798 0.0915257 0.1166 
36.0351 -6.27489 96.4092 0.0991777 0.228807 
65.8106 -9.86431 177.576 0.0390958 0.507174 
99.6192 -0.359733 127.703 0.0889331 0.925918 
45.9577 5.59815 122.936 0.0385472 0.879395 
32.1243 0.51587 52.6715 0.0534415 0.340848 
36.2107 -3.51761 87.2538 0.0561947 0.747375 
98.1694 1.56625 147.799 0.0742362 0.327885 
33.4548 -3.15991 63.4924 0.0443336 0.557896 
92.6886 2.45236 72.5389 0.05946 0.625159 
78.2926 -5.06171 100.339 0.0966883 0.545795 
94.4561 3.2195 77.5368 0.0602878 0.644008 
