1 110.071 393 50.0086 0.41007 94.5725 0.0471761 0.232047 

2 132.826 207 49.9699 -3.07442 200 0.0928738 0.989096 

3 148.106 400 50.0291 7.29498 50 0.01 0.100001 

4 110.107 303 50.0087 0.43938 94.4484 0.0492208 0.452973 

5 126.778 261 50.0549 10 86.8678 0.036729 0.166181 

6 110.234 399 50.0089 0.513406 94.8692 0.0551275 1 

7 126.69 367 50.0547 10 84.712 0.0428986 0.999998 

8 110.063 270 50.0101 0.597517 93.7548 0.0454579 0.1 

9 133.461 364 50.0288 -5.14177 182.881 0.1 1 

10 110.234 434 50.0089 0.51256 94.8715 0.0551305 1 

11 110.084 351 50.0083 0.385445 94.7185 0.0480694 0.318192 

12 110.125 287 50.0102 0.49242 92.2878 0.047796 0.413681 

13 110.237 262 50.0143 1.26873 92.0479 0.0468227 0.376132 

14 110.089 392 50.0087 0.421715 94.5015 0.0482219 0.346185 

15 142.249 145 49.945 -10 200 0.1 1 

16 110.149 658 50.0089 0.486342 94.4988 0.0513259 0.661954 

17 110.088 529 50.0086 0.441135 94.6089 0.0482185 0.34334 

18 110.12 523 50.0087 0.409146 94.5524 0.0499829 0.520539 

19 110.058 481 50.0086 0.399578 94.6887 0.0464137 0.143838 

20 122.497 348 49.9869 -3.38753 150.212 0.0727426 0.264582 

21 129.827 388 49.9585 -10 106.91 0.0590151 0.1 

22 133.461 265 50.0288 -5.14177 182.881 0.1 1 

23 110.174 499 50.0087 0.466413 94.6938 0.0525851 0.771458 

24 121.604 559 50.0729 1.23085 50 0.0309858 1 

25 110.234 482 50.0089 0.511972 94.8659 0.0551283 1 

26 176.709 172 49.9839 10 200 0.0719178 0.153706 

27 110.185 396 50.0091 0.482143 94.5474 0.0530284 0.818346 

28 119.797 336 50.063 0.683731 53.1929 0.0334539 1 

29 110.147 573 50.0086 0.435984 94.6188 0.0513396 0.654236 

30 110.064 700 50.0086 0.410692 94.6234 0.0467903 0.188527 

