1 119.598 100001 49.9755 -0.916992 154.316 0.0774549 1 

2 115.563 100001 49.9796 -0.564442 136.41 0.0699299 0.880009 

3 119.458 100001 49.9717 -1.19185 150.51 0.0733855 0.746008 

4 119.243 100001 49.9784 1.21377 143.366 0.0665609 0.518545 

5 110.069 100001 50.0089 0.666457 95.3017 0.0460676 0.1 

6 110.064 100001 50.0103 0.402795 93.221 0.045412 0.1 

7 110.053 100001 50.0079 0.347478 95.1344 0.0462326 0.1 

8 110.054 100001 50.0077 0.342904 95.3293 0.0463149 0.1 

9 110.074 16798 50.0077 0.357589 95.2369 0.0475472 0.23865 

10 121.718 100001 49.9743 -0.968566 162.061 0.0798695 1 

11 117.004 100001 49.9784 -0.689982 143.913 0.0739446 1 

12 116.344 100001 49.9745 -0.692408 136.121 0.0648923 0.430854 

13 117.375 100001 49.972 -0.936985 139.914 0.0662159 0.422967 

14 110.06 100001 50.0069 0.31885 95.9742 0.046592 0.1 

15 116.327 100001 49.9752 -0.460975 135.774 0.0643281 0.405805 

16 124.39 100001 49.9903 3.85186 152.072 0.0724028 1 

17 110.06 1630 50.0076 0.467273 95.8099 0.046417 0.1 

18 110.063 1276 50.0102 0.397853 93.3339 0.0454627 0.1 

19 122.335 100001 49.9744 -0.857482 164.065 0.0803658 1 

20 110.055 100001 50.0075 0.338384 95.4732 0.0463759 0.1 

21 117.199 100001 49.9734 -0.710506 139.567 0.0664403 0.471597 

22 113.241 100001 49.9862 -0.255994 125.797 0.0675153 1 

23 117.22 100001 49.9731 -0.704064 139.368 0.0659831 0.435286 

24 110.052 100001 50.0087 0.384516 94.5731 0.0459781 0.1 

25 110.059 100001 50.007 0.325689 95.8949 0.0465554 0.1 

26 117.325 100001 49.9792 -0.354829 144.902 0.0739556 1 

27 110.104 11286 50.013 0.69393 91.9135 0.0446621 0.1 

28 112.818 100001 49.988 -0.0666131 123.239 0.066447 1 

29 119.462 100001 49.9697 -1.24056 148.617 0.0708596 0.575765 

30 117.998 100001 49.976 -1.11768 148.195 0.0757288 1 

