1 131.273 100000 49.98 -0.970446 187.605 0.0860325 0.813739 

2 137.68 100000 49.9632 -8.5312 195.563 0.099131 1 

3 137.122 100000 50.0534 -9.00533 109.29 0.0853225 1 

4 112.755 100000 50.0129 0.930579 76.6977 0.0355449 0.1 

5 125.993 100000 50.0084 -7.60851 76.5584 0.056721 1 

6 135.48 100000 50.0489 -8.85653 108.025 0.0835745 1 

7 122.641 100000 50.0467 -4.9057 116.871 0.079389 1 

8 112.58 100000 50.0129 0.895946 77.2047 0.0358941 0.1 

9 125.233 100000 49.9709 -7.11009 149.075 0.0836189 0.973383 

10 130.967 100000 50.0891 8.63852 56.063 0.0213382 0.294382 

11 122.178 100000 50.0418 -1.90358 56.425 0.0275901 0.156565 

12 117.83 100000 50.0512 1.67384 61.461 0.0278923 0.1 

13 156.007 100000 50.1146 -9.46974 93.7156 0.0927301 1 

14 117.303 100000 50.0102 -0.755519 140.423 0.0767544 1 

15 110.076 18940 50.0083 0.451851 94.0012 0.0468683 0.239417 

16 122.735 100000 49.9998 5.30703 131.812 0.0567115 0.138387 

17 127.114 100000 50.0007 -7.92653 133.525 0.0841463 1 

18 119.82 100000 49.9942 -0.915085 146.256 0.0712083 0.462303 

19 154.197 100000 50.1116 -9.38681 85.5789 0.0870439 1 

20 110.136 29568 50.0101 0.455848 94.5154 0.0507671 0.590166 

21 110.055 61256 50.0086 0.396192 94.7332 0.0461947 0.1174 

22 126.551 100000 50.1072 5.31115 104.414 0.063421 0.801959 

23 150.898 100000 50.1163 -8.36994 89.1066 0.0742325 0.353227 

24 120.183 100000 50.0427 -2.66713 130.606 0.0803486 0.986411 

25 113.618 100000 50.0246 1.0989 72.3864 0.0337261 0.1 

26 112.818 100000 50.0523 -0.101588 88.7371 0.0583577 1 

27 121.402 100000 50.0666 3.7495 57.4856 0.0240218 0.112605 

28 128.751 100000 50.0891 -4.93966 85.7943 0.070745 0.969445 

29 113.415 100000 49.9993 0.851256 78.1762 0.0352521 0.1 

30 110.065 72 50.0083 0.363489 94.889 0.0469788 0.192058 

