1 114.355 100058 49.9459 0.483718 117.526 0.053937 0.327859 

2 115.073 100058 50.0256 -2.5779 110.961 0.0681102 0.838123 

3 115.426 100058 49.983 3.52153 113.719 0.0503937 0.309384 

4 115.224 100058 49.9651 0.451979 121.774 0.0652756 0.985924 

5 115.27 100058 50.0118 -1.83874 92.1179 0.0596063 0.922581 

6 116.81 100058 50.0764 -1.62938 77.661 0.056063 0.970968 

7 119.105 100058 50.0489 -0.0766015 129.512 0.0702362 0.732551 

8 114.693 100058 50.0489 -1.44383 106.423 0.0596063 0.404399 

9 121.713 100058 49.9981 0.182196 157.809 0.0794488 0.96393 

10 114.235 100058 49.9397 -1.77648 107.799 0.0532283 0.604106 

11 115.867 100058 50.064 1.80273 68.084 0.0355118 0.13871 

12 113.95 100058 49.9672 -3.21696 113.69 0.0567717 0.17478 

13 118.883 100058 50.075 0.343333 57.5325 0.0390551 0.919062 

14 119.6 100058 50.0942 1.75451 102.975 0.056063 0.260997 

15 112.714 100058 50.0111 -2.81777 87.3462 0.0511024 0.575953 

16 119.703 100058 49.9184 -3.59111 122.777 0.0553543 0.267155 

17 120.776 100058 50.0517 4.83932 118.278 0.0624409 0.664809 

18 119.528 100058 49.9301 -4.09223 140.446 0.0716535 0.915543 

19 125.432 100058 49.95 -7.13553 106.739 0.0532283 0.231965 

20 113.878 100058 50.0427 1.94311 105.479 0.053937 0.155425 

21 118.642 100058 49.9693 -3.52214 139.081 0.0766142 0.96393 

22 113.368 100058 50.018 0.75045 91.7391 0.0532283 0.66305 

23 126.964 100058 49.9562 4.7673 81.8805 0.0397638 0.704399 

24 115.307 100058 50.0455 -3.36161 89.5704 0.0503937 0.108798 

25 111.459 100058 49.9789 -0.995819 91.4329 0.0482677 0.573314 

26 116.223 100058 49.994 -3.74493 124.012 0.0666929 0.471261 

27 115.056 100058 50.0503 0.873135 113.707 0.0617323 0.51349 

28 116.98 100058 49.9432 -0.955535 84.1951 0.0447244 0.84956 

29 111.285 100058 50.0256 -0.0204474 103.662 0.053937 0.290029 

30 123.331 100058 49.961 -0.161443 149.772 0.0759055 0.900587 

