1 131.595 100038 50.1506 6.8047 58.2448 0.0339566 0.454907 

2 191.744 100038 50.1604 9.99682 50 0.01 0.1 

3 492371 100042 37.2222 -10 200 0.01 0.1 

4 140.207 100034 50.0385 -2.78843 199.725 0.0989149 0.766935 

5 194.653 100004 50.1718 6.14673 196.485 0.0948577 0.163082 

6 5.87641e+06 100038 10.0005 -10 200 0.01 1 

7 210556 100050 57.7269 10 50 0.1 0.1 

8 136.099 100044 49.9735 -8.67345 184.783 0.0979243 1 

9 11868.5 100034 46.8871 -10 200 0.01 0.1 

10 2.70904e+06 100044 75.6537 -10 50 0.01 1 

11 9.99785e+06 100030 99.9993 10 200 0.1 0.1 

12 143.556 100050 49.9758 -9.45131 58.1054 0.0304641 0.116089 

13 314.904 100002 50.4394 5.78287 50.4466 0.0988596 0.362809 

14 6492.04 100036 47.6523 10 200 0.01 0.1 

15 134.975 100006 49.9818 -9.21071 165.418 0.0930652 0.903495 

16 120.986 100030 50.087 6.27524 91.4113 0.0486562 0.383142 

17 9.99785e+06 100018 99.9993 10 200 0.1 0.1 

18 244.451 100014 50.3492 7.14749 91.1825 0.0975145 0.680365 

19 181.856 100000 50.2122 -6.24779 56.7727 0.084226 0.90853 

20 2.5569e+06 100016 75.6721 10 50 0.1 0.1 

21 1.00736e+07 100012 99.9993 10 50 0.01 0.1 

22 372.489 100044 50.4948 9.81208 55.6704 0.0977005 0.111398 

23 183.698 100030 50.1576 -10 65.6114 0.0953426 1 

24 9.92412e+06 100016 99.9993 10 50 0.1 1 

25 132.037 100024 49.9643 -4.46394 59.6357 0.0301472 0.69829 

26 1101.71 100000 50.3041 -10 50 0.01 0.1 

27 118.444 100028 50.0588 3.54443 59.2145 0.0312505 0.74877 

28 5.96867e+06 100008 10.0004 10 200 0.01 0.1 

29 131.792 100002 49.9358 -6.99566 182.565 0.089647 0.995577 

30 281.687 100035 49.5922 -9.93854 199.816 0.0645675 0.998341 

