1 110.052 18909 50.0086 0.393407 94.7349 0.0460375 0.1 

2 110.087 16878 50.0087 0.421005 94.4824 0.0481183 0.336154 

3 110.125 16317 50.0088 0.451346 94.3152 0.0501132 0.549415 

4 110.12 18514 50.0087 0.436716 94.4856 0.0499235 0.521334 

5 110.052 14980 50.0085 0.392928 94.7393 0.0460391 0.1 

6 110.682 9556 50.0114 0.040417 85.9731 0.0511872 1 

7 110.062 20998 50.0086 0.408446 94.6566 0.0466233 0.168877 

8 134.614 10855 50.0037 -4.65811 200 0.1 1 

9 110.052 33652 50.0086 0.393949 94.7377 0.0460384 0.100001 

10 110.112 13471 50.0086 0.426155 94.4351 0.0495021 0.481358 

11 110.09 18135 50.0087 0.417835 94.4319 0.0482941 0.356622 

12 110.145 18031 50.0086 0.493532 94.849 0.0512658 0.642011 

13 129.827 15880 49.9585 -10 106.914 0.0590184 0.100006 

14 142.249 5097 49.945 -10 200 0.1 1 

15 110.233 16210 50.0089 0.512303 94.8646 0.0551073 0.998283 

16 126.743 10309 50.0548 10 85.845 0.0388931 0.490636 

17 110.164 15877 50.0088 0.487868 94.636 0.0520833 0.728532 

18 110.067 17407 50.0086 0.402496 94.5929 0.0469212 0.203342 

19 110.052 30517 50.0085 0.393096 94.7433 0.0460402 0.100007 

20 126.69 26880 50.0547 10 84.7037 0.042894 0.999998 

21 110.094 9175 50.0081 0.463463 95.1082 0.0486153 0.365527 

22 110.234 11846 50.0089 0.513281 94.8683 0.055128 1 

23 130.115 9934 49.9591 -10 106.737 0.0627675 0.435323 

24 111.144 11053 50.0107 2.53911 98.7217 0.0516386 0.706374 

25 110.135 14927 50.0089 0.473695 94.3332 0.0505798 0.595707 

26 110.052 25952 50.0085 0.3951 94.7292 0.0460331 0.100026 

27 110.052 29470 50.0089 0.393009 94.693 0.0460338 0.100326 

28 121.604 18021 50.0729 1.23179 50 0.0309843 1 

29 110.067 20905 50.0087 0.406038 94.6336 0.0469427 0.203491 

30 110.234 21135 50.0089 0.510841 94.8681 0.0551155 0.998763 

