1 5615.77 5 51.2306 9.05087 143.313 0.0773228 0.368328 

2 789009 1 64.2804 -0.920743 84.9298 0.1 0.493255 

3 1466.2 2 50.8791 2.25806 74.1048 0.093622 0.24956 

4 488.174 5 49.7344 -8.51009 97.4914 0.0185039 0.166862 

5 350402 1 40.3809 -4.98093 68.1853 0.01 0.77478 

6 1348.48 1 50.669 -3.84503 145.808 0.0865354 0.473021 

7 2712.88 1 49.4872 -6.11377 67.6446 0.0723622 0.231085 

8 1.40002e+06 1 31.5121 7.52617 99.5314 0.0695276 0.561877 

9 3067.3 1 49.4089 -1.96326 63.682 0.0787402 0.836364 

10 638477 1 36.9146 -5.72008 118.337 0.0248819 0.856598 

11 18568.9 2 47.5557 -4.14838 99.2086 0.0241732 0.192375 

12 700153 1 63.4413 -1.3126 100.745 0.0943307 0.274194 

13 621.821 3 49.3485 8.29279 117.356 0.0262992 0.576833 

14 135.15 4 50.0956 2.01697 91.2985 0.0588976 0.220528 

15 247.568 7 50.2467 -3.9378 51.173 0.0716535 0.252199 

16 2665.88 1 51.0555 5.6737 50 0.0553543 0.1 

17 507.299 1 50.3215 -7.01773 146.74 0.0723622 0.424633 

18 82598.2 2 53.2576 2.16041 182.949 0.0185039 0.466862 

19 433761 1 39.0597 1.78014 137.728 0.0284252 0.735191 

20 1571.68 1 49.1755 -5.18479 126.515 0.01 0.55044 

21 1025.39 1 49.0725 6.19495 146.649 0.0284252 0.883871 

22 528535 1 38.3559 4.65194 110.512 0.0411811 0.863636 

23 145004 2 43.168 9.09116 125 0.01 0.127273 

24 7935.87 3 51.5712 8.67489 92.5253 0.0709449 0.247801 

25 9199.31 6 48.7443 4.47249 102.637 0.0971654 0.780059 

26 5037.35 1 51.3789 2.62856 88.8917 0.0893701 0.222287 

27 199.894 6 49.8189 -8.52779 125.977 0.0461417 0.809971 

28 8707.67 4 51.2691 4.24726 150.503 0.0553543 0.477419 

29 4891.55 6 48.9015 -1.34556 71.8829 0.0319685 0.205572 

30 1001.43 1 50.6449 10 103.424 0.095748 1 

