88.3254 -0.0885032 160.67 0.0736734 0.77551 
82.0098 1.27285 95.3298 0.0935529 0.58226 
43.2729 1.60057 145.114 0.0827627 0.186378 
92.7683 -9.67245 160.944 0.027366 0.207599 
22.7703 -2.8908 81.1916 0.0244762 0.662173 
46.3778 -4.37689 167.554 0.0849282 0.641506 
64.205 -9.15458 84.8244 0.0544332 0.303804 
13.9631 6.01037 128.202 0.0846713 0.408581 
58.6918 -3.27983 54.6374 0.0951434 0.927356 
18.9745 -8.50273 143.863 0.0290224 0.986369 
25.1537 -6.14037 102.779 0.0109326 0.283179 
80.529 2.68714 79.1662 0.0900756 0.355147 
39.1325 4.44976 89.6861 0.0662063 0.565097 
12.0456 -0.542211 135.207 0.0622466 0.294724 
93.6776 9.89351 50.8631 0.085203 0.621911 
68.8381 6.28419 50.6231 0.0653039 0.260253 
34.1558 -4.45416 147.824 0.0755334 0.269862 
15.9093 0.0391359 109.481 0.0129128 0.175165 
21.4679 -0.0418884 147.423 0.0438187 0.689184 
60.4566 -4.49728 102.53 0.0123457 0.51451 
64.2568 5.45843 136.645 0.0108643 0.791669 
20.833 7.34823 85.4673 0.0373332 0.743423 
94.9637 6.3768 65.5088 0.0193741 0.170056 
99.4687 9.70539 99.2136 0.0535346 0.104141 
80.2782 -0.0431512 83.966 0.0900748 0.23466 
69.1126 -0.376703 118.493 0.0762675 0.101942 
54.4064 -5.95431 104.727 0.0418557 0.927028 
98.0064 2.84495 185.226 0.085588 0.278811 
84.5227 9.14888 131.906 0.0945211 0.397483 
65.2553 8.85034 90.9036 0.0959717 0.950508 
