1 133.5 100001 49.9796 -1.27302 199.902 0.0899716 1 

2 108.464 100001 50.0085 -1.8619 93.7395 0.0503122 0.550321 

3 108.499 100001 50.0075 -1.8657 94.944 0.0526064 0.722114 

4 16375.3 100001 50.041 -1.97894 200 0.01 0.1 

5 133.526 100001 49.9796 -1.23515 199.93 0.089987 1 

6 118.397 100001 49.9745 -1.70855 148.401 0.0696502 0.559647 

7 108.398 1192 50.0074 -1.85251 95.0465 0.0464933 0.1 

8 133.44 100001 49.9801 -1.77827 199.947 0.0900236 1 

9 108.449 100001 50.0095 -1.86037 92.846 0.0487005 0.426942 

10 133.438 100001 49.98 -1.75898 199.947 0.0900106 1 

11 121.128 100001 49.9727 -1.76044 157.072 0.0726425 0.59153 

12 108.398 100001 50.0076 -1.8554 94.884 0.0465216 0.110311 

13 127.98 100001 49.9781 -1.66051 184.37 0.0856158 1 

14 133.437 100001 49.9799 -1.64181 199.952 0.0900082 1 

15 133.427 100001 49.9798 -1.54272 199.898 0.0900069 1 

16 116.446 100001 49.9762 -1.78452 141.444 0.0667965 0.496221 

17 131.286 100001 49.979 -1.58549 193.887 0.0883067 1 

18 133.803 100001 49.9792 -0.808673 199.937 0.0899501 1 

19 133.438 100001 49.9799 -1.57075 199.939 0.0900096 1 

20 16375.3 100001 50.041 -1.97894 200 0.01 0.1 

21 16375.3 100001 50.041 -1.97894 200 0.01 0.1 

22 133.213 100001 49.9798 -1.58679 199.314 0.0898203 1 

23 16375.3 100001 50.041 -1.97894 200 0.01 0.1 

24 110.865 100001 49.9904 -1.78941 120.895 0.0656483 1 

25 16375.3 100001 50.041 -1.97894 200 0.01 0.1 

26 110.579 100001 49.9898 -1.78523 117.635 0.0609334 0.688982 

27 16375.3 100001 50.041 -1.97894 200 0.01 0.1 

28 126.065 100001 49.9778 -1.63318 178.684 0.0839934 1 

29 108.408 100001 50.0064 -1.84701 95.9463 0.0468566 0.1 

30 110.676 100001 49.9907 -1.78706 119.433 0.0645358 0.950134 

