94.6702 7.4622 165.141 0.0686305 0.279559 
52.0226 6.10894 119.557 0.0901941 0.19582 
28.7239 -9.95102 83.4588 0.0117025 0.785763 
59.7447 -1.24103 72.0195 0.0599047 0.666709 
61.7297 7.93776 183.901 0.0714861 0.821492 
67.6442 9.40957 179.011 0.0530941 0.836552 
84.0346 0.445474 156.576 0.0317075 0.90102 
90.3279 3.6842 171.783 0.0607797 0.617888 
75.3633 -2.5753 60.6187 0.0504322 0.221619 
87.0187 0.377962 131.805 0.0334699 0.178197 
23.6331 -4.23869 170.091 0.0247231 0.771333 
70.0843 -5.15167 101.807 0.0686549 0.883349 
86.6389 4.54254 76.417 0.0950286 0.569603 
15.1094 0.426823 199.7 0.0873678 0.215795 
20.954 -7.60478 125.927 0.0496339 0.423159 
24.8702 4.16675 182.553 0.0914084 0.141036 
64.4509 -0.238525 176.587 0.0785093 0.698873 
18.9456 0.847952 141.226 0.0425816 0.90237 
57.5627 -9.20722 72.5438 0.0672188 0.945332 
58.8611 0.635828 85.2377 0.0183062 0.323734 
61.7266 -3.75664 98.7025 0.0308791 0.670894 
78.4424 -8.47943 96.6822 0.0345024 0.110417 
41.9102 9.53667 73.0405 0.0130683 0.872291 
95.4438 0.711717 97.928 0.0164762 0.358675 
14.2853 2.81584 138.66 0.0469004 0.595947 
78.8779 -1.67208 156.953 0.06674 0.630707 
16.1755 -8.76065 78.9081 0.0190662 0.886856 
24.1807 -2.60634 126.616 0.0650868 0.409632 
41.6795 -5.93477 180.76 0.0615388 0.758113 
71.6156 6.25394 90.8672 0.0726909 0.590254 
