1 126.785 100020 50.0549 10 87.0981 0.0363162 0.1 

2 110.052 100020 50.0085 0.393135 94.7383 0.0460387 0.1 

3 121.604 100020 50.0729 1.23174 50 0.0309841 1 

4 121.604 100020 50.0729 1.23174 50 0.0309841 1 

5 126.69 100020 50.0547 10 84.7054 0.042895 1 

6 110.234 100020 50.0089 0.512833 94.87 0.0551293 1 

7 110.052 100020 50.0085 0.393137 94.7383 0.0460387 0.1 

8 110.052 100020 50.0085 0.393135 94.7383 0.0460387 0.1 

9 110.052 100020 50.0085 0.393134 94.7383 0.0460387 0.1 

10 110.052 100020 50.0085 0.393135 94.7383 0.0460387 0.1 

11 110.052 100020 50.0085 0.393135 94.7383 0.0460387 0.1 

12 110.052 100020 50.0085 0.393136 94.7383 0.0460387 0.1 

13 110.052 100020 50.0085 0.393135 94.7383 0.0460387 0.1 

14 132.713 100020 49.9691 -3.22459 200 0.0931 1 

15 110.052 100020 50.0085 0.393136 94.7383 0.0460387 0.1 

16 110.052 100020 50.0085 0.393136 94.7383 0.0460387 0.1 

17 133.461 100020 50.0288 -5.14164 182.883 0.1 1 

18 110.052 100020 50.0085 0.393135 94.7383 0.0460387 0.1 

19 130.743 100020 49.958 -10 112.705 0.0724435 1 

20 110.052 100020 50.0085 0.393135 94.7383 0.0460387 0.1 

21 110.052 100020 50.0085 0.393134 94.7383 0.0460387 0.1 

22 110.052 100020 50.0085 0.393135 94.7383 0.0460387 0.1 

23 110.052 100020 50.0085 0.393134 94.7383 0.0460387 0.1 

24 110.052 100020 50.0085 0.393136 94.7383 0.0460387 0.1 

25 110.052 100020 50.0085 0.393135 94.7383 0.0460387 0.1 

26 110.052 100020 50.0085 0.393136 94.7383 0.0460387 0.1 

27 121.604 100020 50.0729 1.23174 50 0.0309841 1 

28 110.052 100020 50.0085 0.393136 94.7383 0.0460387 0.1 

29 110.052 100020 50.0085 0.393135 94.7383 0.0460387 0.1 

30 110.052 100020 50.0085 0.393136 94.7383 0.0460387 0.1 

