1 117.615 100000 50.0556 4.7156 66.6142 0.0303409 0.264984 

2 131.598 100000 50.0113 -8.66806 69.6117 0.0543001 1 

3 142.856 100000 50.1381 -2.99939 114.061 0.0883723 0.84337 

4 124.948 100000 50.0704 2.55962 51.4465 0.0203502 0.1 

5 135.382 100000 49.9963 5.96836 164.397 0.0728765 0.826788 

6 110.172 87052 50.009 0.41897 94.3776 0.0524 0.761265 

7 116.722 100000 50.023 3.57479 67.7671 0.0339147 0.765496 

8 117.893 100000 49.9932 2.80244 133.371 0.0634667 0.603586 

9 133.953 100000 49.9607 -2.62729 184.624 0.0791042 0.221246 

10 126.175 100000 49.9748 -1.19016 177.301 0.0848332 1 

11 120.615 100000 50.0086 -0.902317 147.743 0.0752871 0.643326 

12 132.416 100000 50.0468 -8.36448 80.836 0.0673624 1 

13 124.605 100000 50.0994 1.66558 108.893 0.0678325 0.631693 

14 137.34 100000 49.9727 -0.563606 189.677 0.0794881 0.233085 

15 127.981 100000 50.016 -7.92917 121.503 0.0750615 0.523876 

16 112.915 100000 50.0316 -0.595887 109.361 0.0667189 1 

17 119.336 100000 49.9817 -0.575765 148.895 0.0727727 0.705301 

18 113.403 100000 50.0014 0.869628 77.6927 0.0351123 0.1 

19 233.109 100000 50.2893 -6.76482 52.4986 0.099709 0.479689 

20 119.508 100000 50.0548 1.44366 58.4409 0.0260992 0.1 

21 117.573 100000 50.0304 -1.47838 62.1577 0.0356826 0.64511 

22 118.418 100000 49.9794 -4.24363 140.402 0.0777462 1 

23 123.938 100000 50.0701 7.20446 59.6138 0.0293436 0.852371 

24 138.239 100000 50.0876 9.25138 51.7297 0.0149641 0.1 

25 114.076 100000 49.9975 2.19538 121.133 0.0597262 0.59616 

26 131.674 100000 50.0203 -9.07412 82.5826 0.0651123 1 

27 122.862 100000 50.0305 -2.96495 54.9385 0.0340721 0.83966 

28 113.521 100000 49.9826 -1.99098 121.698 0.0614365 0.407032 

29 123.47 100000 49.9575 -4.6047 158.955 0.0789045 0.747082 

30 119.447 100000 50.0566 -3.60608 69.8154 0.0517635 0.927035 

