1 114.058 100058 50.0084 -0.372631 122.631 0.0681102 0.842522 

2 118.398 100058 50.051 -1.70385 117.816 0.0744882 0.936657 

3 113.94 100058 50.053 0.831629 100.26 0.0617323 0.855718 

4 113.42 100058 50.0173 -2.54311 105.238 0.0588976 0.607625 

5 111.958 100058 50.0105 0.290841 114.068 0.0631496 0.852199 

6 119.512 100058 49.9775 4.44624 81.746 0.0355118 0.543402 

7 116.96 100058 50.0427 5.49364 103.798 0.0511024 0.371848 

8 112.942 100058 50.0166 2.45277 106.176 0.0525197 0.535484 

9 111.707 100058 50.0105 2.64382 103.866 0.0511024 0.383284 

10 115.111 100058 49.9356 -2.34413 118.861 0.0546457 0.163343 

11 112.488 100058 50.0022 0.163884 115.617 0.0596063 0.66129 

12 116.434 100058 49.9686 1.06906 133.135 0.0617323 0.500293 

13 112.183 100058 50.0214 0.820032 75.4088 0.0404724 0.544282 

14 120.237 100058 50.1059 -0.0387585 82.0218 0.049685 0.120235 

15 122.134 100058 50.0242 3.00821 138.7 0.0702362 0.689443 

16 112.92 100058 49.9988 1.06784 119.083 0.060315 0.579472 

17 116.886 100058 49.9919 -4.69832 119.453 0.0617323 0.21173 

18 111.574 100058 50.0249 2.74514 87.8612 0.0425984 0.32346 

19 118.249 100058 50.0043 -4.25092 82.657 0.049685 0.356891 

20 116.865 100058 49.9356 -3.42631 101.876 0.051811 0.668328 

21 117.85 100058 50.0819 -0.989105 65.9577 0.0369291 0.131672 

22 115.258 100058 49.9507 -2.01392 119.555 0.0610236 0.54956 

23 115.573 100058 49.9679 -3.33598 85.2102 0.0461417 0.426393 

24 119.616 100058 50.0214 5.67553 80.371 0.0333858 0.238123 

25 112.796 100058 50.042 3.66008 79.9367 0.0397638 0.365689 

26 113.414 100058 49.9569 -2.19092 117.127 0.0596063 0.612903 

27 110.794 100058 49.9988 0.10712 87.8412 0.0503937 0.967449 

28 117.267 100058 49.9974 -1.60497 122.102 0.060315 0.494135 

29 113.273 100058 49.961 -1.40477 119.343 0.0610236 0.656012 

30 125.243 100058 49.9995 -4.48958 163.762 0.0858268 0.884751 

