1 110.145 22249 50.009 0.424554 94.5826 0.0512388 0.64154 

2 110.052 13615 50.0086 0.393133 94.7398 0.0460398 0.1 

3 129.339 9237 49.96 -9.87105 106.923 0.0590286 0.1 

4 110.059 16743 50.0085 0.416487 94.7476 0.0464816 0.150961 

5 134.55 15315 49.9627 -3.39941 200 0.0904428 0.814724 

6 126.69 14074 50.0547 10 84.7037 0.0428943 1 

7 110.187 20387 50.0088 0.465547 94.6001 0.0531405 0.82697 

8 110.134 14821 50.0089 0.449699 94.3285 0.0505897 0.594143 

9 110.052 13914 50.0085 0.393668 94.7375 0.0460375 0.1 

10 124.942 12053 50.0852 0.986355 50 0.0225153 0.1 

11 130.369 9079 49.958 -10 110.856 0.0676358 0.692899 

12 110.205 10530 50.0061 0.4704 97.9556 0.0529378 0.6745 

13 111.155 12312 49.9967 -0.552377 110.399 0.0626296 1 

14 110.184 15327 50.0089 0.497978 94.7892 0.0530773 0.814973 

15 110.052 28434 50.0086 0.393595 94.743 0.0460406 0.100004 

16 110.154 17004 50.0088 0.454291 94.5431 0.0516559 0.688405 

17 110.059 17686 50.0085 0.41129 94.6448 0.0464052 0.146859 

18 126.691 9943 50.0547 10 84.7091 0.0428747 0.997635 

19 110.187 17212 50.0089 0.496328 94.605 0.0531189 0.827547 

20 110.085 11886 50.0088 0.435932 94.4636 0.0479539 0.321019 

21 110.167 12351 50.0091 0.490284 94.3108 0.052081 0.741791 

22 148.106 6038 50.0291 7.29292 50 0.01 0.1 

23 139.909 9924 50.127 10 50 0.0163731 0.1 

24 110.052 33906 50.0085 0.398138 94.7372 0.0460314 0.100071 

25 110.052 17642 50.0085 0.3932 94.7373 0.0460383 0.1 

26 110.055 19910 50.0087 0.399537 94.7002 0.0461922 0.118873 

27 110.052 17657 50.0085 0.393287 94.7407 0.0460396 0.1 

28 110.119 17459 50.0084 0.38361 94.5578 0.0499211 0.513727 

29 110.234 16197 50.0089 0.512769 94.871 0.0551295 1 

30 110.234 19615 50.0089 0.512824 94.8677 0.0551283 1 

