1 167950 100000 43.5544 -10 128.033 0.0799425 0.611381 

2 2.45236e+06 100000 74.8796 -1.36232 121.541 0.1 0.338522 

3 193007 100001 42.647 -7.24037 73.9878 0.01 0.735424 

4 18236.9 100001 46.6168 -3.80813 170.768 0.01 0.764533 

5 125.565 100002 50.069 -3.24575 123.905 0.0792114 0.735848 

6 241.346 100001 49.6911 4.11823 151.526 0.0459442 0.798201 

7 191.691 100001 50.1079 4.64103 50 0.0152238 0.740724 

8 337474 100000 40.9865 8.47509 111.988 0.0671214 1 

9 74295.2 100000 54.6583 -1.00828 50 0.0939328 0.143405 

10 1.09614e+06 100001 31.751 -5.44985 199.833 0.01 0.906618 

11 900.747 100014 49.3027 8.17695 148.599 0.022044 0.45425 

12 41798 100001 53.3962 -4.60214 101.204 0.1 0.935016 

13 5985.6 100001 47.6911 -9.52261 200 0.020543 0.871523 

14 188.762 100005 50.2192 -5.91392 92.5849 0.0950296 0.39698 

15 254.508 100000 50.1312 -9.69908 50 0.0269534 0.458392 

16 609684 100000 62.48 0.79244 166.881 0.1 0.198933 

17 1.46531e+06 100000 69.257 6.98627 180.856 0.1 0.502737 

18 814.665 100000 49.2664 -2.6524 149.789 0.0477519 1 

19 72634.6 100001 45.3989 -5.76155 133.215 0.0440204 1 

20 25793.3 100001 52.7477 -2.55182 116.013 0.1 0.410574 

21 2.10653e+06 100000 73.2063 9.02366 55.5519 0.0588021 0.1 

22 155.995 100031 50.1405 -7.71551 76.9397 0.0660063 0.117199 

23 2.12779e+06 100000 72.6322 10 188.044 0.0527106 0.915852 

24 641328 100000 36.7685 -1.61676 100.51 0.01 0.33103 

25 527011 100000 61.4192 10 85.2866 0.0321523 0.325771 

26 163.553 100029 50.1825 -1.82361 129.932 0.0978568 0.639404 

27 8621.45 100000 51.5175 6.10467 50 0.0196465 0.626375 

28 161.767 100020 50.1511 -8.28534 64.6215 0.0733896 0.754868 

29 3333.63 100000 50.6964 10 117.19 0.0351244 0.455482 

30 282986 100001 39.9978 -10 199.353 0.0136512 0.871278 

